59 0
252 1
132 2
86 3
211 4
154 5
218 6
61 7
73 8
159 9
172 10
7 11
184 12
82 13
102 14
107 15
55 16
206 17
5 18
94 19
191 20
105 21
25 22
120 23
229 24
182 25
8 26
69 27
242 28
32 29
74 30
2 31
170 32
109 33
175 34
123 35
250 36
145 37
251 38
31 39
137 40
141 41
235 42
30 43
17 44
11 45
193 46
219 47
148 48
223 49
164 50
18 51
85 52
84 53
133 54
42 55
22 56
147 57
54 58
238 59
200 60
224 61
101 62
119 63
40 64
76 65
3 66
176 67
173 68
48 69
104 70
9 71
38 72
77 73
70 74
134 75
208 76
50 77
213 78
68 79
131 80
41 81
44 82
36 83
60 84
114 85
127 86
183 87
37 88
157 89
135 90
205 91
26 92
177 93
207 94
204 95
226 96
214 97
153 98
43 99
179 100
187 101
99 102
126 103
142 104
27 105
14 106
113 107
115 108
215 109
83 110
171 111
174 112
151 113
194 114
95 115
136 116
197 117
89 118
21 119
62 120
203 121
28 122
249 123
146 124
150 125
178 126
186 127
24 128
253 129
222 130
117 131
248 132
243 133
189 134
47 135
98 136
29 137
49 138
129 139
246 140
217 141
245 142
13 143
190 144
231 145
125 146
232 147
220 148
56 149
80 150
46 151
239 152
185 153
240 154
181 155
155 156
210 157
1 158
124 159
53 160
57 161
4 162
209 163
230 164
225 165
52 166
20 167
122 168
35 169
138 170
92 171
130 172
79 173
162 174
167 175
45 176
192 177
12 178
93 179
199 180
66 181
216 182
10 183
165 184
110 185
196 186
34 187
255 188
88 189
166 190
75 191
149 192
33 193
233 194
72 195
254 196
100 197
64 198
